B0 0.0 0.0 0.0 0.0
B0 0.0 0.0 12.0 0.0
B0 0.0 0.0 24.0 0.0
S1 2.896 0.0 33.105 0.0
S1 3.693 0.0 39.211 15.0
S1 6.051 0.0 44.901 30.0
S1 9.798 0.0 49.785 45.0
S1 14.684 0.0 53.534 60.0
S1 20.374 0.0 55.891 75.0
S1 26.48 0.0 56.695 90.0
S1 32.586 0.0 55.891 105.0
S1 38.276 0.0 53.534 120.0
S1 43.162 0.0 49.785 135.0
S1 46.911 0.0 44.899 150.0
S1 49.268 0.0 39.209 165.0
S3 50.068 0.0 33.104 180.0
S0 50.068 0.0 27.0 0.0
S0 50.068 0.0 21.0 0.0
S0 50.068 0.0 15.0 0.0
S0 50.068 0.0 9.0 0.0
S0 50.068 0.0 3.0 0.0
S0 50.068 0.0 -3.0 0.0
S0 50.068 0.0 -9.0 0.0
S0 50.068 0.0 -15.0 0.0
S1 50.068 0.0 -21.105 180.0
S1 49.264 0.0 -27.211 195.0
S1 46.907 0.0 -32.902 210.0
S1 43.158 0.0 -37.788 225.0
S1 38.272 0.0 -41.537 240.0
S1 32.582 0.0 -43.894 255.0
S1 26.475 0.0 -44.698 270.0
S1 20.369 0.0 -43.894 285.0
S1 14.679 0.0 -41.537 300.0
S1 9.793 0.0 -37.788 315.0
S1 6.044 0.0 -32.902 330.0
S1 3.687 0.0 -27.212 345.0
S3 2.894 0.0 -21.105 0.0
B0 0.0 0.0 -12.0 0.0
S2 -2.894 0.0 33.106 0.0
S2 -3.698 0.0 39.212 -15.0
S0 -6.002 0.0 44.81 -30.0
S0 -9.002 0.0 50.007 -30.0
S0 -12.002 0.0 55.202 -30.0
S2 -15.055 0.0 60.49 -30.0
S2 -18.805 0.0 65.376 -45.0
S2 -23.69 0.0 69.125 -60.0
S2 -29.38 0.0 71.482 -75.0
S2 -35.486 0.0 72.286 -90.0
S2 -41.592 0.0 71.482 -105.0
S2 -47.282 0.0 69.125 -120.0
S2 -52.168 0.0 65.376 -135.0
S2 -55.917 0.0 60.49 -150.0
S2 -58.274 0.0 54.8 -165.0
S2 -59.078 0.0 48.694 -180.0
S2 -58.274 0.0 42.588 -195.0
S0 -55.97 0.0 36.99 150.0
S0 -52.97 0.0 31.794 150.0
S1 -49.917 0.0 26.506 150.0
S1 -47.56 0.0 20.816 165.0
S0 -46.756 0.0 14.817 0.0
S0 -46.756 0.0 8.817 0.0
S0 -46.756 0.0 2.817 0.0
S0 -46.756 0.0 -3.183 0.0
S0 -46.756 0.0 -9.183 0.0
S0 -46.756 0.0 -15.183 0.0
S2 -46.756 0.0 -21.1 180.0
S2 -45.952 0.0 -27.206 165.0
S2 -43.595 0.0 -32.896 150.0
S2 -39.846 0.0 -37.782 135.0
S2 -34.96 0.0 -41.531 120.0
S2 -29.27 0.0 -43.888 105.0
S2 -23.164 0.0 -44.692 90.0
S2 -17.058 0.0 -43.888 75.0
S2 -11.368 0.0 -41.531 60.0
S2 -6.482 0.0 -37.782 45.0
S2 -2.732 0.0 -32.896 30.0
S2 -0.411 0.0 -27.196 15.0
S3 -2.897 0.0 -21.105 0.0